35.3258 27.6795 31.4366 24.8255 26.8885 31.2295 24.7069 24.8145 28.5994 29.3596 31.7395 25.9837 35.1201 25.9859 34.9615 32.3359 30.1722 28.6115 33.5874 35.2112 30.668 31.745 34.6949 35.5461 33.4754 27.7038 34.3589 35.7896 29.1378 33.135 35.8513 28.9296 8.17668 13.2678 9.46672 14.0368 16.2853 17.4075 9.72671 17.9264 18.9289 13.9402 8.9214 11.3065 13.3677 11.7743 8.34633 8.51195 16.2496 16.6484 10.254 10.5702 19.1878 15.4891 18.1441 11.8522 18.4401 15.2299 18.0872 15.4924 
28.2421 28.916 26.0876 26.2705 28.6475 24.5306 34.5803 33.2326 35.5898 26.0965 30.1329 24.0378 27.6803 32.4251 25.8581 32.987 24.0474 35.1881 25.925 31.8071 30.4517 31.6558 24.9445 35.2861 24.7242 27.7776 24.2982 35.7363 34.5396 28.9714 25.1773 31.3984 29.646 15.7261 5.96756 16.535 12.2092 11.2541 13.771 7.35345 16.9254 6.01053 13.0571 15.9868 15.8535 6.40161 9.94712 14.2289 8.82049 8.6031 10.8909 15.8505 17.5996 16.7513 5.69362 14.7085 8.35853 6.35314 6.59587 7.3898 
25.2155 34.8513 30.5831 27.609 35.7995 31.2794 33.399 29.5344 26.846 31.972 24.3959 32.7843 29.4558 31.4586 27.2282 34.9086 31.9488 31.6268 33.4221 27.656 33.7478 31.9782 33.0997 32.6532 24.083 28.8477 30.8736 25.1391 24.2513 22.4225 20.1968 24.3886 17.9222 17.0123 20.4285 26.3988 19.3092 28.2253 20.315 24.1433 16.6854 19.5439 25.6291 16.8297 16.9924 22.6292 18.5748 24.8329 28.0685 17.6608 17.4419 26.5438 20.9713 17.7948 17.2708 23.5686 24.6853 21.1835 26.9937 21.0572 
28.9736 29.0261 31.4039 27.894 35.9853 35.848 27.6997 24.6584 29.0643 32.8158 28.3908 34.4742 27.9906 35.545 32.5136 24.8685 25.7006 35.7367 27.0861 34.111 35.7576 34.7515 32.2859 31.1689 32.6759 25.5967 24.6305 33.3579 33.6564 32.0006 17.4412 19.4437 26.4396 22.0884 16.8382 22.7681 18.0541 24.0809 27.261 17.3439 20.4634 23.8727 26.3107 26.6349 16.2555 17.0413 22.7483 19.8281 21.2115 23.7706 24.1867 16.2786 25.1705 21.0818 25.2986 20.1036 21.2845 19.0195 21.4333 22.9591 
24.2141 33.1496 31.5207 31.9863 29.0636 32.6267 24.7859 35.9475 32.9363 24.5281 30.5545 25.9279 29.5979 24.9562 26.3766 33.8169 35.7749 25.5919 25.9341 34.346 25.7939 28.8444 35.2608 35.8127 33.9498 25.0198 26.4758 34.0368 29.4011 26.2 30.1777 20.5013 17.7457 13.8517 21.5174 17.7538 15.9695 16.9213 19.7676 22.6507 20.505 23.5015 18.7412 20.5619 21.7091 24.569 20.9791 23.3087 16.0403 13.2014 21.6838 19.6938 23.6065 23.6745 13.2653 17.5235 23.7681 19.3229 22.4329 24.0799 
27.2609 33.5668 26.9679 27.569 24.0499 31.1479 28.0045 25.8464 28.747 31.4663 29.0618 25.3077 32.547 31.4006 25.8332 25.7403 33.3667 27.3112 28.8198 26.9767 27.9557 34.1973 31.4322 35.8392 28.6596 30.8905 31.5155 33.1588 31.5129 27.2033 35.9743 27.5815 14.9621 23.9846 22.5161 18.2725 14.9474 24.624 15.5445 16.0182 25.7197 20.3503 16.551 24.025 17.8113 16.6351 23.2744 24.6633 15.0674 23.0512 22.3736 17.8455 23.7746 20.723 16.3795 19.8868 25.545 15.2555 22.8437 25.4462 
33.3153 32.9826 29.2722 27.5899 25.5475 27.085 35.6023 26.7314 33.6366 35.1866 32.1963 29.3669 27.5374 26.6506 34.0703 34.6145 27.8106 24.4341 25.2882 33.7662 31.5853 33.887 29.6636 34.331 26.1637 33.5316 31.6352 28.1679 25.9613 28.1892 34.9821 27.424 26.3678 12.0637 21.2486 18.8826 12.4306 12.7369 13.4283 10.701 14.3247 18.6267 9.85565 13.1808 13.6663 17.9558 14.8487 16.1726 14.4474 11.9382 15.2743 21.3592 10.4491 16.7219 12.3318 14.5965 21.5953 9.98087 14.815 17.7127 
31.1828 32.9833 32.655 30.6349 27.1144 31.9591 35.6754 32.6612 27.1875 27.4096 31.9756 30.3999 29.6107 34.1848 26.789 33.2815 32.9859 29.953 28.3148 30.6496 33.4699 31.3951 25.2001 30.741 29.6713 26.8735 33.609 35.2938 28.1349 17.4125 18.9937 24.1329 13.9595 14.3128 20.7138 17.6655 25.181 17.4338 20.6906 15.6873 19.5152 14.1692 15.8055 24.0121 20.2305 23.1576 15.7222 15.4636 25.1946 19.0029 17.5248 25.5185 22.2752 13.9246 14.9723 23.7617 15.4813 22.9523 20.1872 24.8083 
31.6969 28.1591 25.4696 31.185 33.5712 32.6778 32.5617 35.4165 30.9588 27.2121 25.9973 35.8381 27.0876 35.3889 33.5169 32.4064 31.2577 31.8743 33.1709 29.848 26.1471 35.9497 35.0904 28.494 32.9073 32.0395 32.6091 21.4746 22.7103 11.8553 19.6294 22.8708 22.7335 21.359 16.1007 13.998 13.459 18.5027 14.3557 20.3014 20.792 21.9594 12.1561 13.5071 11.9082 19.8651 21.1265 12.5887 15.0163 15.1449 16.5157 13.3811 19.1641 20.756 13.1373 20.966 22.9766 17.2545 13.6749 19.7571 
25.7094 31.6547 35.516 32.1148 32.5929 33.912 34.7808 32.5922 35.3372 28.2175 35.1554 24.6489 33.8676 29.2064 27.7115 32.4196 29.9104 31.918 32.6961 33.2209 31.5001 29.8583 34.8135 26.8577 27.052 28.1044 29.6489 24.2049 33.1607 27.7589 35.7106 30.6393 25.477 24.2479 28.8414 20.1419 11.702 18.2863 12.9212 21.0551 17.2184 19.1085 12.4214 10.8486 16.1359 17.0818 10.5604 15.2714 21.1341 11.2394 13.3487 12.9822 15.9108 20.7136 10.585 19.3365 18.1897 11.5427 16.4524 20.2542 
28.5778 30.8534 33.1823 33.4085 33.3894 30.7579 30.802 35.7896 30.6797 31.062 24.9041 33.4941 33.9146 30.6452 27.363 31.5394 32.4648 30.0731 28.1679 30.7521 33.2583 34.4904 24.3489 32.7387 35.3353 29.1778 34.6376 27.4901 32.4416 27.4302 14.3078 14.9386 9.24233 16.4453 10.1758 19.9038 9.42484 16.3748 16.2199 10.622 15.914 9.29668 10.9312 13.9516 19.0214 10.1582 9.87505 12.558 12.7541 12.3846 16.1898 16.7009 9.58165 11.2639 12.1004 12.9913 15.1784 15.0433 11.3689 19.1143 
33.2069 31.6576 31.9569 30.0918 26.4795 35.0867 27.302 28.6909 24.0672 27.7879 27.4919 24.4473 25.5622 27.5132 31.9712 35.4147 29.9258 28.4316 30.9287 34.5583 28.9604 28.2296 33.8 28.1944 26.1908 27.1272 25.5974 26.0619 31.889 26.2547 33.4401 13.4183 10.7662 18.4694 18.0875 11.4907 11.5646 12.8138 15.2481 11.7665 9.8232 13.4704 12.8094 14.8714 17.9612 18.5112 12.8491 19.6779 18.0243 19.4535 17.2719 12.8869 18.5208 18.7705 12.8821 9.29587 19.339 10.2929 19.6522 10.7809 
29.8509 25.7777 28.8859 30.3456 25.2192 26.2419 25.7909 26.3381 24.029 24.1634 28.4092 30.86 28.9116 28.0824 28.002 25.5056 30.4142 25.7292 32.8533 28.8833 28.8396 34.3192 27.1845 34.8657 28.4742 29.1341 30.4943 34.6255 33.1504 24.5082 24.5538 26.565 29.993 33.8554 8.14042 14.0027 7.82791 7.85876 10.0092 6.12952 12.232 10.011 12.1005 14.8451 11.741 11.4403 5.80527 10.0716 5.59265 16.672 12.9455 6.65538 15.1547 10.5637 10.2817 9.57184 9.1488 9.65777 5.58567 9.82632 
27.0112 25.9264 27.6876 29.5579 24.5461 25.7461 33.5892 35.8428 30.105 31.7403 32.8812 31.1013 26.3127 32.5162 27.6913 26.8885 26.969 27.7838 33.9384 32.5874 31.0536 29.4719 31.351 32.3777 33.1537 25.9264 24.2515 27.0002 32.0399 35.9067 25.4641 29.3871 33.2462 24.1322 34.418 29.5748 35.5054 33.7306 10.2381 18.4345 16.8686 14.4413 19.7054 13.9584 19.1803 15.3105 10.1617 13.972 12.6012 18.9622 10.1662 8.74318 9.08396 11.19 15.4343 13.4542 10.2326 8.17509 16.7229 16.1463 
33.3017 28.7812 27.331 26.5088 32.666 32.5911 27.6087 34.5748 30.2097 33.9803 32.0946 35.0394 35.8634 29.9335 35.6923 31.4707 31.9698 28.0923 25.12 28.7735 30.4256 27.2488 26.8966 29.1113 26.2496 31.8019 29.3831 32.6499 32.9587 25.3426 27.4298 31.4579 30.1671 27.0824 35.0882 27.0318 32.854 35.9681 9.4212 18.9869 11.7552 17.6025 16.2687 11.4997 10.7722 7.61632 9.94449 15.6316 16.8824 11.8184 8.44844 15.3915 18.182 10.9084 12.1074 8.04045 10.1064 14.8006 8.53106 8.78371 
35.2219 27.0711 28.0901 26.0436 26.4435 32.5371 28.1613 30.5909 28.5282 33.4629 33.2962 35.4716 25.535 30.6459 31.7516 25.7421 26.2933 27.3843 26.5658 31.7087 32.2085 25.2709 25.6114 33.9182 34.992 26.4971 24.1528 35.043 31.1465 34.0189 29.9196 14.4376 20.182 21.0748 16.4456 17.2821 20.3814 16.6733 21.9983 20.5952 19.6503 12.5116 13.8071 21.8599 16.8962 19.7443 12.9867 16.6134 11.3188 17.1606 15.63 20.6458 21.5459 21.6208 11.6321 21.0601 17.3684 11.5832 11.053 12.9937 
33.5866 33.9476 34.1544 34.5028 34.0945 28.7952 35.986 35.1256 33.9193 24.264 28.5778 24.2997 32.5518 35.5446 27.6601 29.646 29.5307 27.3836 26.2808 31.1097 33.2782 27.4735 29.1738 33.8393 24.4524 27.309 26.7938 33.2642 26.1229 31.8846 28.2304 32.1842 29.9445 35.9941 25.5122 35.0346 13.686 22.597 19.3735 21.5416 10.9106 20.769 22.1556 12.486 18.5124 13.4404 19.0776 20.7914 20.1906 13.6288 12.5477 17.1225 19.8674 15.1461 22.453 16.0675 21.7741 11.7181 18.2682 22.6025 
24.126 25.8214 34.2616 27.0655 28.7518 34.1312 32.1938 33.3318 32.4438 31.9415 35.7253 33.1911 33.5837 26.3913 34.6303 29.7598 27.2936 24.7179 35.4051 33.2359 32.2937 33.3994 29.245 32.1328 34.3049 30.9059 27.161 27.8066 28.3729 28.7478 34.7702 33.3759 35.642 28.6666 25.7939 28.3872 24.2681 26.7633 19.1327 26.7448 22.8413 20.5208 19.4849 22.3731 20.8249 26.8645 26.5781 22.2064 20.5267 23.0348 25.4706 23.2955 23.6998 19.0329 18.597 23.3014 16.4539 16.9816 15.9533 21.3618 
24.4028 30.7811 32.6458 32.5786 33.2319 32.9671 25.5453 27.7074 29.2795 30.7925 30.6639 26.7428 30.6694 26.4589 34.1176 26.9954 28.0827 33.9017 30.1601 27.778 35.2443 31.1035 33.3762 25.4116 33.2088 26.4692 25.4707 35.9886 35.9387 26.0381 22.9376 23.8366 21.2525 23.1624 21.3953 25.4248 27.4155 26.6271 21.5892 16.4165 21.7405 26.897 18.5196 21.5231 27.305 18.0808 26.341 26.8897 17.8983 23.4238 27.1687 20.8636 25.8541 19.9852 18.0566 17.0129 26.3583 16.4775 19.6404 23.6849 
32.3814 34.765 25.5724 25.9437 31.9679 29.4209 30.0793 32.547 31.2441 24.7429 33.7559 24.9768 30.159 31.3499 27.5007 28.45 25.4986 28.0765 28.8466 25.9797 27.5708 27.7445 30.545 35.9108 33.6645 31.9345 29.4572 32.7641 26.3546 31.5644 26.3267 17.6677 24.654 25.6242 15.4155 18.8108 15.0832 22.0203 22.7066 20.1192 24.0786 21.7254 23.9181 14.9645 21.6593 17.6005 24.867 14.6432 14.0381 21.1225 15.1019 20.6913 19.8768 20.7978 21.9638 14.6179 18.3694 25.1145 19.3356 22.5814 
24.8141 27.7141 29.1789 27.1889 29.5351 28.6137 33.3024 30.8486 29.4334 35.982 27.3531 32.5929 35.5876 33.9575 24.842 27.9248 31.6007 35.0504 32.099 28.718 27.6388 33.8444 32.2411 34.6053 27.4419 29.2553 28.1992 31.7461 33.5249 28.479 32.3737 31.3818 29.2773 20.8048 13.6481 19.0315 11.863 9.94244 9.24031 14.2793 9.65527 12.398 18.6312 19.3381 17.3023 10.6927 15.8124 16.6534 19.2243 9.61929 9.95896 10.3177 10.5766 19.4648 13.037 10.4316 9.57155 14.5301 9.3178 11.7536 
34.1378 30.3624 29.4841 26.095 31.8357 29.2028 31.5199 29.0386 29.8098 33.3131 29.9078 35.3985 25.4582 28.5319 30.7561 33.692 26.6756 28.7125 30.3019 24.0984 24.1414 34.0203 33.2253 31.1971 26.8026 28.2671 26.0524 34.8506 30.0709 33.706 30.8652 33.1911 32.9289 31.1406 33.6274 24.5016 33.6237 28.49 32.677 11.9923 22.2168 11.8073 12.0621 20.7788 17.9556 11.7166 11.0284 15.2261 14.0627 20.0153 10.8642 18.0676 21.5478 12.7308 14.2114 18.6331 14.4692 18.9251 13.9838 20.4909 
33.2969 34.0637 32.59 29.2138 24.5372 35.1256 30.9059 35.6115 31.8838 34.2682 28.5227 26.2544 35.1378 33.1735 34.6865 32.7993 31.8879 32.1493 27.1427 35.5994 33.4632 25.7215 27.0193 35.3658 31.9562 24.8571 33.6645 27.5499 30.441 33.9939 34.9002 27.2356 29.9736 25.3646 25.3844 33.6028 29.3978 22.0569 22.6841 24.3523 18.54 14.892 21.235 21.0327 16.2706 19.6773 20.7738 17.4203 16.268 21.394 18.6997 25.9061 21.7418 15.6122 18.721 21.9981 19.9204 16.6106 20.0276 20.4242 
33.9953 33.5187 35.9523 30.899 29.5579 34.1485 27.1048 32.8419 29.397 29.4962 32.8944 26.4615 32.048 33.6212 24.2633 29.4885 30.2012 33.0865 33.3028 24.4579 26.3396 31.8027 32.2595 28.3824 29.783 31.3099 30.2901 26.6084 28.0005 28.1015 34.8649 35.9537 27.3233 31.3694 11.1374 13.8015 22.6181 13.3748 21.2293 16.2031 20.7199 18.0268 13.9044 19.8148 12.2577 13.9414 13.1615 16.3129 17.697 19.4259 19.7879 22.7316 17.9985 13.4578 12.3885 13.6954 15.0273 14.6796 12.7403 21.6696 
27.1687 28.9556 26.5085 26.3256 27.7504 31.7931 28.0574 28.3714 35.3082 35.1807 27.07 30.5292 35.3126 27.5991 24.8788 26.1989 25.2922 29.1385 25.4729 33.2429 24.6147 33.569 30.2997 32.8713 30.7131 26.8592 32.3381 31.0422 28.9141 25.3708 35.3882 32.1761 24.6698 34.8245 34.2796 33.8587 8.65296 13.49 13.8715 8.6537 16.9885 18.4008 11.7839 18.7456 18.4008 18.2091 15.7576 10.1898 17.3572 18.9549 15.528 8.26224 8.73191 10.4277 16.2096 7.98976 18.4485 8.18916 9.99515 18.4427 
26.3036 30.6055 34.5858 28.7136 32.4178 32.1093 27.2444 33.4923 26.6928 32.4971 25.2309 27.255 30.4638 28.8047 28.7933 29.1701 28.7687 28.5322 25.3091 29.4253 31.6378 29.7257 26.4732 29.5814 26.7328 26.1864 30.1146 32.2801 35.7944 26.1416 25.8438 31.821 24.0845 30.6158 16.8249 18.5131 23.1804 23.5017 23.4892 27.294 26.828 18.8773 18.3357 15.814 21.1232 25.9647 21.4427 22.7173 20.6708 24.4815 17.0453 18.289 26.7707 27.3847 17.9846 19.4524 20.857 23.8421 21.6965 24.7628 
33.6013 34.01 24.8024 32.366 27.3766 26.4148 31.7494 30.1091 29.0919 28.754 25.3352 26.5074 27.1368 27.9869 25.8387 35.3027 27.2962 28.1779 35.0327 27.3274 26.1736 29.44 28.6596 32.7982 30.7058 25.0444 26.7688 34.0886 32.3891 26.1016 33.2168 34.4169 22.654 24.2587 18.0105 23.3763 22.239 26.2186 26.6486 24.251 17.0175 20.9328 23.124 26.8131 27.2791 26.7632 21.4998 16.0712 22.4215 19.3049 16.4524 20.9997 26.9284 18.0637 25.5701 19.226 22.7491 25.8455 19.995 20.2674 
24.7289 35.5575 32.6528 27.1184 25.427 33.8609 26.7005 35.4462 24.6357 24.9768 35.5406 24.5949 27.2224 31.9349 27.5999 30.8861 33.2319 34.4177 34.1287 31.6224 35.978 30.1399 26.7376 31.2012 29.9354 30.7234 27.5356 27.0152 30.314 34.5656 35.6005 33.0009 9.33617 6.57064 14.7383 13.2247 7.33519 7.02857 11.1271 15.1915 14.6194 9.94943 11.8296 10.0945 10.7926 6.60883 6.07967 14.7049 10.1775 6.80566 16.7551 14.1442 10.4602 7.92311 14.204 11.3327 14.3072 9.7941 5.51305 7.36751 
33.9509 25.0987 26.4949 31.6951 35.7973 31.3558 30.7392 27.4041 31.5467 34.7731 26.0476 31.9654 24.8982 25.9268 29.6515 32.8217 26.3612 24.6948 26.2507 33.1302 28.3501 30.126 35.6702 24.7723 27.4948 33.2293 27.8742 26.5918 25.2243 28.2428 16.4867 23.563 21.3105 17.5255 23.6287 17.4029 16.8612 19.0293 19.7957 23.1286 28.2156 22.1675 23.7356 17.5211 19.9378 21.3622 20.8356 24.1432 24.2827 26.153 18.5343 26.8198 17.2079 19.5298 16.3993 18.7928 25.1038 18.2868 19.095 19.4685 
30.4884 31.4006 28.7555 30.9588 27.8382 25.7381 27.2859 27.9616 30.7701 35.707 35.5891 26.0781 35.7139 34.49 24.083 29.0026 28.017 34.6295 31.3418 35.357 35.7947 30.2589 26.0403 27.1845 33.5789 28.9501 29.5101 30.9526 25.5467 26.1449 25.4909 34.8381 17.5912 21.0037 19.1206 20.57 20.3776 15.7679 17.3033 18.832 21.8979 13.8525 16.361 13.923 22.9125 18.3157 21.1789 15.1881 13.6289 21.8553 13.2929 12.6212 21.722 14.6608 13.07 14.4327 13.1643 12.6858 20.4566 15.7367 
35.5314 31.9037 27.8117 34.1 35.5197 29.6273 24.9584 25.2926 24.6661 33.0263 31.8578 32.1075 34.234 33.8878 26.9972 34.9274 32.5984 31.5074 28.476 33.7743 31.214 35.1723 27.9002 25.5155 34.1742 30.4704 32.7883 28.5653 25.7729 24.1223 29.845 32.1207 28.0361 27.2343 16.2926 21.636 17.4189 20.0056 20.4602 18.2796 21.979 17.2378 24.9112 26.0963 26.5119 18.2356 19.4213 22.4402 24.2712 20.6126 24.8811 17.7611 23.2565 20.7033 21.3635 26.227 27.5504 16.9143 23.8088 26.6901 
29.5329 27.7688 35.3357 35.4183 28.4147 35.328 33.6314 33.291 33.8852 29.3816 32.9778 27.9524 31.4924 32.2103 35.78 27.0714 31.7939 25.7538 25.2915 34.9464 33.3718 33.9917 32.8507 26.781 29.303 26.8173 30.6599 25.1744 31.8897 33.8628 9.51695 17.0233 8.78178 16.9447 17.4827 8.7502 14.8626 18.6556 13.1484 17.8763 15.5886 15.0998 19.7921 10.4137 11.4037 14.7061 12.9336 15.2753 19.076 11.6163 15.1806 15.7105 13.8454 10.3417 11.7379 17.779 14.2945 19.3228 19.3573 19.4837 
25.2816 34.8095 27.1148 34.1062 35.9982 31.9404 27.15 26.4593 24.8993 24.4884 34.8054 25.2441 30.3408 30.249 25.2783 25.1332 24.7392 28.0269 31.0433 28.0515 35.1818 24.4891 27.0288 34.1775 27.5319 24.307 33.728 28.9233 31.2203 24.2938 27.9924 29.4484 25.2805 6.39126 7.8818 12.1342 7.20502 10.8188 14.6206 9.90334 14.5847 15.2203 16.4839 11.9668 7.36219 10.3029 7.51238 11.3663 14.736 9.84018 9.28274 13.3923 9.32754 16.1846 7.41176 4.9591 12.5837 12.4063 12.7394 7.20648 
34.8693 25.6363 33.2198 28.1309 28.2223 26.2276 28.6927 27.8073 29.0955 28.999 25.0077 34.7761 27.1463 30.0815 24.141 29.8832 29.2641 34.1712 26.1578 24.618 32.1038 24.119 25.6841 31.0903 29.4249 30.6617 32.8415 30.8094 35.0599 34.9391 30.282 26.8709 24.1212 32.066 24.6287 29.5182 25.958 24.5068 31.7593 27.3632 22.5644 24.6172 25.6615 24.2294 19.6803 16.9449 16.5494 18.2463 21.3225 24.6741 16.0525 22.3823 17.4542 21.3996 26.259 27.1113 16.3536 25.1361 27.021 21.2725 
27.1599 35.3985 35.0878 28.0879 27.4486 32.0443 34.4962 31.9532 26.9958 31.9591 27.3516 26.5379 30.2732 28.7169 30.0239 25.6077 29.9743 32.5144 29.0386 24.2534 26.4012 31.5688 26.1875 27.5194 27.3189 24.1432 28.1925 28.7584 30.1594 31.3194 33.9528 31.3495 30.5729 30.7366 18.723 21.3788 23.585 22.7272 13.4872 18.1223 14.4056 21.7746 20.8988 20.417 23.9225 23.0136 15.7357 17.1425 14.9473 18.7414 23.9317 24.2996 13.0473 18.3962 17.4609 22.8223 17.845 21.3549 21.5128 17.5949 
29.2465 34.0574 35.0592 32.2782 26.7112 34.609 26.485 30.6537 29.3269 33.7467 31.5478 34.0042 30.1417 27.8668 32.1589 32.8915 25.9852 30.6951 28.6512 28.1298 27.0156 28.0938 32.4688 24.1495 30.0088 29.6265 33.3046 26.7993 26.4468 27.7365 26.8059 27.9208 26.2411 30.3705 26.5096 9.82493 20.417 10.6593 10.4154 20.1614 15.9773 19.6859 10.6218 14.796 19.5482 18.5611 9.03834 11.126 17.3897 11.3555 14.6608 8.80112 8.86832 11.0437 9.48525 17.1142 10.014 12.293 19.622 17.646 
24.6911 28.3233 25.7502 32.8885 30.2971 32.6418 27.1544 29.0533 30.6346 35.075 27.497 35.3923 30.9974 31.8982 31.5666 26.6172 25.7061 26.077 30.5652 34.8389 27.6223 30.4785 30.0819 25.0337 34.1371 33.0296 35.7892 29.711 33.7937 32.5015 31.8262 28.7481 31.3598 30.9772 28.9637 29.0173 27.0472 21.9028 15.3722 24.7139 26.3777 25.7575 16.9648 25.8012 25.9411 17.4841 25.7153 25.7832 25.2515 16.5454 17.18 26.2452 24.2097 15.276 20.1861 25.4814 20.2782 26.2085 24.502 26.2514 
26.1783 29.9534 26.2624 28.3413 25.4142 29.1007 24.8358 24.6676 35.7833 25.3576 34.1867 26.3421 25.7399 34.6574 32.0417 29.6122 31.7439 34.4691 24.0048 29.1668 29.2164 33.5495 28.3207 35.2593 27.074 24.4979 27.1996 34.7313 29.7327 33.0619 24.9559 28.6762 33.919 10.652 18.0732 16.5279 12.8006 14.0455 18.8469 12.5777 8.0323 10.359 10.6741 13.5946 18.2616 15.2485 11.9759 14.8244 8.49757 10.7093 18.5326 17.1111 17.67 14.2699 14.0066 14.878 15.7013 9.91834 10.1982 15.2467 
32.9043 32.7519 26.1078 25.2695 29.8061 28.5517 30.2365 28.7346 24.6213 26.6168 33.9135 31.4421 25.4131 27.6046 26.8056 35.3258 35.3632 25.1024 24.7741 33.0204 34.1297 32.9715 25.4402 28.3549 26.1637 32.1548 24.8773 29.8939 25.4986 35.8586 28.1261 10.6824 16.808 16.5986 12.0962 19.2276 16.0853 15.4985 15.3527 15.0651 19.3917 10.2094 13.8783 9.6806 9.80765 16.9211 8.65055 13.9429 15.6049 14.8701 8.19372 13.1692 18.0877 13.7332 8.39496 11.1216 13.6341 19.4215 12.3984 13.9594 
31.6011 32.4457 32.6017 34.3523 33.6953 30.2413 25.7784 26.5257 35.01 28.8906 33.2627 32.3443 33.6351 31.0495 26.2217 26.4181 26.2617 26.3675 30.3536 25.925 33.5132 31.3139 31.9804 30.8942 27.9065 24.0191 30.6298 30.4102 25.0348 27.2025 32.4141 29.9963 26.9954 32.7226 25.196 25.34 30.5167 32.8456 30.6779 14.3819 9.80343 12.6068 14.0738 6.6872 12.0148 9.57943 8.88061 15.2912 12.1349 12.6674 10.2588 12.5344 12.6325 9.32421 5.0887 15.5699 10.6076 12.9777 5.07878 7.77564 
26.9043 24.3415 31.7311 26.81 31.0242 28.7302 26.3458 26.0406 28.7628 34.7694 29.7598 25.6819 29.4459 30.3507 24.672 27.9392 25.1476 25.1332 30.4781 28.0508 32.3194 29.44 35.7216 31.9297 28.342 35.5278 22.0342 25.3102 18.8615 25.0102 25.258 25.1141 16.1484 15.8135 18.1079 25.9627 16.6754 24.7796 20.6039 23.9489 26.1526 22.7264 18.0616 14.8356 15.6516 22.8153 17.3981 25.1861 22.2468 14.767 17.3518 16.6996 16.3566 21.4111 20.8393 25.1214 15.9681 16.2182 19.1336 22.7 
25.6158 31.6723 30.26 33.3391 30.6467 27.9208 36.0004 31.3683 30.7851 33.1941 25.9811 35.5865 24.6966 28.024 26.745 31.8721 32.7075 35.5983 35.1025 29.2101 35.624 24.0305 24.04 25.4274 30.8997 34.1757 30.0599 29.451 27.5293 34.002 26.0168 29.1591 35.704 29.3467 35.5825 28.5377 16.1829 15.4657 12.0745 18.3293 18.8129 15.3592 14.9201 20.8551 18.405 18.4156 14.4735 13.5345 13.8162 16.7158 14.3806 15.6864 18.7814 12.7079 14.7317 22.7907 17.4865 15.5987 12.3517 13.1431 
31.08 24.2622 33.9913 28.2289 31.5721 32.7692 33.1654 33.3571 30.7264 32.5129 28.1419 24.0867 28.0802 33.1375 31.4065 25.2228 33.1735 24.9001 33.6039 30.1726 31.3859 28.5197 35.989 31.4388 26.3157 35.7209 25.7461 29.9905 25.2181 24.3445 28.4169 29.8898 32.5489 33.3689 13.7694 15.6286 11.4497 9.48944 11.5455 20.4175 16.196 17.8426 15.8445 13.1003 17.1992 18.0971 15.557 17.8224 11.6917 20.1381 18.4022 13.6163 13.8836 13.0904 15.8827 10.9624 19.3199 19.6104 14.4432 13.9644 
34.2888 32.7982 32.1346 28.6556 27.8811 32.3877 28.4602 29.2266 24.741 24.1157 27.8782 29.7268 30.6665 33.1585 25.7013 30.2416 33.1856 31.2937 32.7586 33.2848 34.0706 27.3854 34.0736 30.8861 29.4121 26.3733 29.1686 35.6023 26.3855 34.6347 29.5197 35.5032 35.4084 30.8641 7.32031 16.1806 10.7828 12.4482 6.25941 12.3222 13.7063 10.6657 11.4412 7.07317 5.2602 4.2577 5.68838 14.6764 12.4753 9.69585 13.9075 8.19539 14.9203 12.9557 9.31468 15.8391 6.18927 9.16926 12.5833 11.525 
31.1949 32.0851 32.9315 28.0141 31.3973 32.6458 32.7516 33.0957 35.5491 31.4028 35.299 27.8911 35.1286 34.7254 24.9045 31.0491 29.1917 30.8589 26.4486 29.1554 24.7054 32.5368 27.1669 26.3139 33.7152 32.8437 26.3296 34.9912 30.1054 34.1499 34.1775 26.561 27.2826 27.1467 28.0181 34.4419 25.9163 22.6036 26.7473 22.1034 23.4071 19.1602 21.2221 15.9496 20.1153 15.1663 23.4144 24.476 16.0891 26.7209 26.5369 21.7285 17.5635 15.3617 18.7419 21.8438 16.2602 17.8444 16.4457 22.7035 
25.5353 35.6152 29.1837 35.0056 34.5186 25.275 30.6125 34.7221 24.9834 32.0406 30.2651 28.3945 28.9644 32.0355 33.5018 24.2747 26.9282 26.0755 24.7186 30.423 32.7281 32.984 25.0091 33.6494 25.9132 35.4561 27.4438 32.7262 34.1004 29.2623 31.4634 26.9642 24.3426 31.7682 21.9814 26.8779 17.664 23.2322 23.5083 17.1833 18.5861 18.8637 22.923 19.2354 25.5743 24.6702 15.3671 18.5406 18.896 18.7499 27.067 24.7716 23.3567 23.92 16.7471 26.0829 18.2369 24.4359 18.6728 24.7631 
35.6838 28.1033 24.0815 33.7974 24.9717 28.8807 35.8513 27.6538 30.2916 33.6623 27.0854 26.3355 29.4077 25.0961 31.2776 27.1603 31.7817 24.6973 32.7262 32.9848 35.2439 25.7972 24.7925 29.3482 35.8935 31.5243 29.8241 28.4841 29.9409 32.7373 34.4992 30.1535 24.4069 31.575 28.9744 32.0465 14.3751 12.6632 14.2782 18.8622 10.3085 10.1668 16.3376 9.0666 14.002 17.3434 8.21723 17.2898 13.6076 18.1079 18.5765 10.3225 16.6335 7.59369 15.0651 15.4893 11.9001 17.5343 10.1738 15.1845 
30.4227 31.0532 32.5713 31.8354 34.5932 30.7723 28.6126 34.6369 27.5819 28.8502 27.2205 35.6827 35.4565 27.4867 27.2528 28.0409 31.8765 24.5134 32.1207 28.8146 33.9267 34.2263 24.8854 29.0159 25.3807 24.3004 26.6653 30.4175 28.1419 22.4235 21.2234 16.9244 23.502 22.5333 23.8759 22.7955 16.4125 12.6283 13.5511 21.056 12.7219 22.6266 22.0534 14.8896 13.9286 20.8948 15.121 19.2599 15.9953 23.3342 23.9284 22.884 16.6303 18.8938 21.096 18.7631 21.4651 18.7234 15.3872 16.4059 
31.7568 28.7952 24.405 34.01 31.7494 25.6077 32.9976 30.9059 34.0743 24.9533 35.8594 32.2489 34.5998 27.0362 26.8342 31.011 28.6093 33.1555 34.5609 30.1921 35.1708 28.2531 31.9242 33.1856 31.2779 29.5792 32.2353 27.4934 26.2771 27.3608 28.0607 31.3532 31.781 34.4525 24.2754 26.175 12.9181 22.468 13.5321 12.5439 22.909 23.0956 14.9114 14.2471 13.5545 12.0239 20.3121 11.7558 20.6216 14.2507 21.117 18.3092 12.1554 12.1076 19.8534 15.3065 22.8595 18.9291 15.2562 16.6799 
25.7762 30.9915 32.8919 35.744 28.5234 31.3657 33.4875 30.3309 26.995 30.8038 33.4317 27.0946 24.6584 32.4244 24.928 26.7053 33.5147 24.365 25.2831 26.0627 30.722 33.2058 26.4442 32.807 24.8553 28.9744 28.7918 31.6341 26.1126 34.0802 28.7004 29.1234 33.6546 24.4179 27.9366 33.0729 26.9168 35.1543 30.6694 13.99 7.05213 16.4724 17.0978 10.6266 8.21328 13.2894 8.94111 6.26077 16.7456 9.87091 11.4404 14.1589 6.58246 13.1406 7.07269 10.9604 16.8811 16.4445 14.2559 12.2281 
33.5073 31.6525 27.3711 27.3017 31.156 35.7246 30.798 34.2307 31.0572 33.7688 32.4468 26.7314 34.6332 27.1871 29.1547 29.223 26.1163 29.187 29.4337 34.1999 28.0783 26.0432 26.8063 29.5865 32.8952 33.7956 35.7672 30.7282 28.6174 28.1562 26.8114 30.1417 15.9122 9.7892 9.14326 9.88358 11.5096 12.381 18.8584 19.4768 14.0321 9.82629 15.5516 14.0159 16.889 16.2853 15.6893 13.9289 20.0482 10.546 20.494 16.2842 12.0513 9.52664 13.529 9.55161 11.4674 11.6033 11.8934 20.0655 
34.4533 34.0717 31.214 34.2102 28.5297 33.8077 28.6978 31.4028 32.5999 32.6076 29.4664 31.2221 33.8422 29.6232 27.6582 34.3593 26.7101 33.8646 25.1567 26.6388 25.1575 35.0353 24.3235 32.4038 24.318 29.7642 35.0452 28.6993 30.827 34.4136 25.7726 27.4739 34.3229 33.7056 31.0165 25.3437 27.2881 24.9786 32.1167 20.0003 18.1161 23.2308 16.4277 20.5133 23.3079 17.3799 23.3519 24.1308 21.9418 21.81 18.9578 17.0383 12.5976 18.956 19.1447 19.8167 23.5054 21.2195 14.3048 20.614 
27.3894 33.9344 27.811 30.647 35.8553 35.6214 31.1075 27.6704 24.3536 34.2418 25.3227 30.4509 24.3154 31.4648 24.3933 30.5809 26.9414 29.4187 28.5719 25.452 27.5565 25.4707 29.545 34.4882 26.5581 28.9406 34.0016 35.9592 27.9417 24.9078 29.3155 29.3228 34.2807 32.8988 25.5871 24.9203 31.0091 29.1906 25.5078 14.2669 11.7493 5.57373 12.8957 7.23834 9.14458 13.2251 11.6027 14.9731 8.52361 13.3547 10.89 10.5841 15.6293 14.9441 7.46308 11.2249 11.3468 8.38553 8.38737 6.82008 
29.8314 24.632 31.6466 24.9283 30.3727 27.5176 33.4577 24.3999 28.6409 32.5334 25.2709 33.4809 32.5371 33.4923 27.2495 28.9839 29.7947 29.9016 26.4005 27.1214 34.0637 28.5972 33.3388 29.028 33.2481 25.7549 29.4613 30.3298 34.508 35.8336 26.0157 31.9536 33.3281 21.801 15.7077 17.8416 15.1925 19.5841 12.0186 15.0148 19.5955 11.4865 18.2728 10.3415 15.1562 20.7919 12.1013 18.7351 11.4307 18.391 15.9707 16.9632 11.799 18.615 15.754 14.9546 17.6444 14.0527 13.3847 13.6612 
27.5775 28.9718 27.5752 29.3232 31.7035 30.8729 29.1638 32.7857 26.6436 24.2644 35.502 26.0531 34.3644 25.582 33.0582 32.6418 29.5424 29.2725 24.3503 33.276 26.9535 29.9097 35.2971 35.5865 30.3158 26.756 30.8431 33.9344 33.9898 26.1846 29.5256 34.2197 34.2891 27.2976 27.793 35.7503 16.1076 21.1194 15.646 15.5946 22.5023 19.2579 25.7842 18.547 25.1551 14.9596 21.4245 17.983 23.3322 19.9017 17.3187 18.8441 17.0689 19.4845 22.5357 19.8984 22.3819 18.944 23.9595 22.6375 
35.4855 25.5996 29.9137 30.1998 27.6538 28.6468 26.5819 32.9414 34.728 29.0474 34.7059 34.7643 28.8161 30.2714 25.784 25.0345 35.436 29.075 24.2666 24.6254 28.1624 26.218 28.7728 28.9663 28.8018 34.2917 26.2114 33.3634 32.9198 31.8912 34.5039 32.6862 24.3272 35.9809 31.3899 10.8316 20.2375 10.0512 14.8765 10.5698 19.6034 14.5442 10.6671 16.4702 19.0074 10.352 13.4726 12.1958 10.684 16.6201 20.4344 17.0688 18.7441 9.5992 11.1951 12.0023 10.0171 17.1489 14.8504 10.8903 
31.0216 28.1397 26.7303 26.5702 29.5608 26.9657 28.0493 25.6731 33.7207 26.2746 30.4102 31.1009 24.0187 35.6589 25.2526 25.9319 28.6178 32.4225 33.6656 33.7453 35.1183 29.1635 25.477 31.947 35.4907 30.73 25.8203 24.6514 25.5284 31.3429 29.0048 31.8251 26.8908 28.194 31.4289 16.9348 8.06973 16.6039 14.7428 10.3421 8.15492 10.3953 17.6887 16.7905 14.1377 15.7608 6.7874 13.0624 16.6601 15.0205 9.89077 9.21618 11.5499 8.87687 18.2204 9.47691 10.3424 16.4302 11.8976 15.366 
27.4144 25.3973 26.46 31.9782 26.1251 27.4629 30.4888 34.9292 27.558 30.6863 27.5106 32.2694 32.8335 27.1294 24.9908 32.6095 25.387 32.6741 34.6068 33.5194 29.0122 28.7052 32.1156 29.1209 26.424 33.4519 33.6234 29.4565 35.0254 26.6069 34.4423 34.8473 28.8965 34.4386 32.0105 34.8157 27.7728 11.5493 20.219 19.6781 14.7151 14.3835 15.5557 9.57331 10.6357 16.6386 17.2361 19.6428 18.3168 15.3225 19.1063 11.4546 16.888 18.2691 11.5831 14.1176 20.2289 11.1314 9.98019 10.7201 
